02.03.2019 22:25:00,25.50,24.50,23.75,24.25,25.00,23.25
02.03.2019 22:25:01,25.75,24.75,23.50,23.75,24.50,23.00
02.03.2019 22:25:03,26.00,24.00,23.25,24.75,24.00,23.50
02.03.2019 22:25:04,25.75,24.75,24.00,24.75,23.75,22.25
02.03.2019 22:25:06,25.75,25.00,24.25,25.75,23.75,23.00
02.03.2019 22:25:07,25.25,24.75,24.50,24.75,24.00,23.50
02.03.2019 22:25:09,25.25,24.50,23.75,24.75,24.50,24.00
02.03.2019 22:25:10,25.75,25.25,25.00,24.75,24.25,23.50
02.03.2019 22:25:12,26.25,24.25,25.25,25.00,23.25,23.50
02.03.2019 22:25:13,25.00,24.25,24.75,25.75,24.25,23.25
02.03.2019 22:25:14,25.25,24.50,25.25,25.00,24.50,22.50
02.03.2019 22:25:16,25.50,24.25,24.75,25.00,23.25,23.25
02.03.2019 22:25:17,25.50,24.00,24.75,25.00,24.25,23.00
02.03.2019 22:25:19,25.25,24.75,24.50,24.75,24.50,23.25
02.03.2019 22:25:20,25.75,25.25,24.25,25.50,21.00,22.75
02.03.2019 22:25:22,25.50,23.75,24.50,25.25,24.75,22.75
02.03.2019 22:25:23,25.50,25.50,23.75,25.25,25.50,23.75
02.03.2019 22:25:25,25.75,24.50,24.25,26.00,24.50,22.75
02.03.2019 22:25:26,25.25,24.25,24.00,26.00,24.00,22.75
02.03.2019 22:25:27,25.75,24.75,23.50,24.75,24.50,22.50
02.03.2019 22:25:29,24.75,24.00,23.75,25.25,24.25,23.25
02.03.2019 22:25:30,25.00,25.50,23.75,24.50,25.00,23.25
02.03.2019 22:25:32,24.50,24.00,23.75,26.00,24.50,23.00
02.03.2019 22:25:33,25.00,24.50,24.00,25.50,24.75,23.00
02.03.2019 22:25:35,24.50,24.75,23.50,25.00,21.75,23.50
02.03.2019 22:25:36,25.00,24.00,22.50,25.00,24.75,24.00
02.03.2019 22:25:38,24.75,24.00,23.50,25.75,23.50,23.25
02.03.2019 22:25:39,24.00,24.25,24.50,25.00,23.00,21.75
02.03.2019 22:25:40,24.50,25.00,23.50,25.25,21.75,23.25
02.03.2019 22:25:42,24.75,25.00,24.25,25.50,22.25,23.50
02.03.2019 22:25:43,24.75,24.50,23.25,24.50,21.50,23.25
02.03.2019 22:25:45,25.50,24.25,23.75,26.25,22.00,22.00
02.03.2019 22:25:46,26.00,24.25,23.75,25.50,23.25,23.25
02.03.2019 22:25:48,26.25,24.75,24.00,26.00,21.00,23.50
02.03.2019 22:25:49,25.50,25.00,23.00,25.00,24.75,23.25
02.03.2019 22:25:51,25.50,25.25,23.50,25.00,25.00,23.25
02.03.2019 22:25:52,25.50,24.50,24.00,25.50,24.25,23.25
02.03.2019 22:25:54,25.75,25.25,24.00,24.25,23.25,23.00
02.03.2019 22:25:55,25.50,24.50,23.00,26.25,24.25,23.00
02.03.2019 22:25:56,25.75,24.50,23.00,25.50,24.25,22.75
02.03.2019 22:25:58,25.75,26.00,23.25,25.75,24.50,23.00
02.03.2019 22:25:59,25.50,24.25,23.50,25.75,24.50,22.25
02.03.2019 22:26:01,26.00,24.75,23.50,25.00,24.75,23.00
02.03.2019 22:26:02,26.00,24.00,23.00,25.75,24.50,23.50
02.03.2019 22:26:04,26.50,24.25,24.00,25.00,24.00,22.50
02.03.2019 22:26:05,26.00,25.75,23.50,25.25,24.00,22.25
02.03.2019 22:26:07,25.50,24.25,23.50,25.50,25.00,22.75
02.03.2019 22:26:08,25.75,24.50,23.00,24.75,24.00,23.25
02.03.2019 22:26:09,25.25,23.75,24.00,24.50,23.75,23.00
02.03.2019 22:26:11,25.50,24.00,23.50,25.00,24.00,22.75
02.03.2019 22:26:12,25.75,23.75,23.50,26.25,24.50,21.75
02.03.2019 22:26:14,25.00,25.25,23.25,25.50,24.25,23.25
02.03.2019 22:26:15,25.75,24.50,23.25,24.50,24.75,23.00
02.03.2019 22:26:17,25.50,24.50,24.25,23.75,24.75,22.75
02.03.2019 22:26:18,25.25,24.75,24.50,25.25,24.75,22.75
02.03.2019 22:26:20,25.25,24.50,24.50,25.25,25.50,23.00
02.03.2019 22:26:21,25.50,24.50,24.75,24.50,24.25,22.50
02.03.2019 22:26:22,26.00,24.00,24.75,24.25,24.75,23.25
02.03.2019 22:26:24,25.50,24.50,24.25,25.50,23.75,22.25
02.03.2019 22:26:25,25.75,24.50,24.25,24.75,24.25,21.75
02.03.2019 22:26:27,25.50,24.75,23.75,24.50,25.00,22.50
02.03.2019 22:26:28,25.25,24.00,23.75,24.75,24.00,22.50
02.03.2019 22:26:30,26.00,26.00,24.00,25.75,24.25,22.50
02.03.2019 22:26:31,25.25,24.00,23.75,25.25,24.00,22.75
02.03.2019 22:26:33,25.00,24.25,24.00,25.25,23.75,23.00
02.03.2019 22:26:34,25.50,25.25,24.00,25.00,25.00,22.50
02.03.2019 22:26:35,25.50,24.50,23.50,25.00,23.75,22.50
02.03.2019 22:26:37,25.50,24.25,25.00,25.50,24.50,23.00
02.03.2019 22:26:38,25.25,24.75,24.25,24.50,24.00,23.00
02.03.2019 22:26:40,25.50,24.25,24.00,24.25,24.00,23.50
02.03.2019 22:26:41,25.50,25.00,23.75,24.00,24.00,22.25
02.03.2019 22:26:43,25.50,24.75,25.00,24.75,25.50,22.75
02.03.2019 22:26:44,24.75,24.75,23.50,23.75,23.00,22.75
02.03.2019 22:26:46,24.75,25.00,24.75,24.75,23.75,22.75
02.03.2019 22:26:47,24.50,24.50,24.50,24.75,23.50,22.50
02.03.2019 22:26:48,25.00,24.25,24.50,24.75,25.25,22.00
02.03.2019 22:26:50,25.25,24.25,24.25,25.50,24.50,21.75
02.03.2019 22:26:51,25.00,24.25,24.75,24.75,23.75,22.75
02.03.2019 22:26:53,24.50,25.25,24.50,25.00,24.00,22.75
02.03.2019 22:26:54,25.75,24.00,25.25,24.50,25.25,22.00
02.03.2019 22:26:56,25.25,23.75,24.50,25.75,25.00,22.50
02.03.2019 22:26:57,25.25,24.50,24.50,26.00,24.25,22.75
02.03.2019 22:26:59,25.25,24.50,24.25,25.00,24.50,23.25
02.03.2019 22:27:00,26.00,24.25,24.00,24.50,25.00,23.25
02.03.2019 22:27:02,26.00,24.50,24.25,23.75,23.50,24.00
02.03.2019 22:27:03,25.75,24.75,23.75,26.00,25.25,22.50
02.03.2019 22:27:04,25.25,24.00,24.75,24.75,25.00,22.25
02.03.2019 22:27:06,25.00,24.00,24.00,26.25,25.50,22.50
02.03.2019 22:27:07,26.00,24.50,24.25,24.50,25.50,22.50
02.03.2019 22:27:09,26.00,24.00,24.00,24.75,25.50,23.00
02.03.2019 22:27:10,25.75,25.75,24.75,25.00,25.75,23.00
02.03.2019 22:27:12,25.25,23.75,23.50,26.25,25.25,22.00
02.03.2019 22:27:13,25.50,25.00,24.25,24.75,25.25,23.50
02.03.2019 22:27:15,25.25,24.50,24.75,25.00,24.50,23.25
02.03.2019 22:27:16,25.25,23.50,24.75,26.00,25.50,23.00
02.03.2019 22:27:17,25.25,24.25,24.25,24.50,25.50,22.50
02.03.2019 22:27:19,25.75,24.75,24.25,26.00,24.75,23.25
02.03.2019 22:27:20,25.00,23.75,24.25,24.25,25.75,22.50
02.03.2019 22:27:22,26.00,25.00,24.75,25.25,24.25,22.25
02.03.2019 22:27:23,25.25,24.25,23.75,25.75,25.50,22.00
02.03.2019 22:27:25,25.25,25.00,24.25,25.00,25.00,22.00
02.03.2019 22:27:26,25.50,24.50,24.25,24.75,25.00,23.25
02.03.2019 22:27:28,25.25,24.50,24.50,25.00,25.50,23.25
02.03.2019 22:27:29,25.50,24.50,25.00,23.75,26.25,23.25
02.03.2019 22:27:31,25.50,24.25,25.00,25.75,25.25,22.25
02.03.2019 22:27:32,25.25,24.75,24.75,25.50,24.75,21.75
02.03.2019 22:27:33,26.00,24.25,24.00,25.25,25.00,22.75
02.03.2019 22:27:35,25.75,24.00,24.25,25.00,23.75,23.50
02.03.2019 22:27:36,25.50,25.25,24.00,23.75,24.50,22.50
02.03.2019 22:27:38,25.25,24.50,24.00,24.75,23.50,22.75
02.03.2019 22:27:39,25.75,25.00,23.75,26.00,24.75,22.50
02.03.2019 22:27:41,25.50,24.50,24.25,24.25,24.75,23.00
02.03.2019 22:27:42,25.25,24.25,24.25,25.25,23.75,23.25
02.03.2019 22:27:44,25.75,25.00,24.00,24.75,24.50,22.50
02.03.2019 22:27:45,25.25,23.75,24.50,25.25,23.75,22.00
02.03.2019 22:27:46,25.50,24.00,24.50,24.50,25.75,23.25
02.03.2019 22:27:48,25.75,25.25,25.25,23.75,25.00,22.75
02.03.2019 22:27:49,25.75,25.00,24.00,24.75,25.25,21.75
02.03.2019 22:27:51,25.50,24.75,24.25,25.00,25.00,23.00
02.03.2019 22:27:52,25.50,24.75,24.75,24.00,23.75,23.50
02.03.2019 22:27:54,25.25,24.75,24.50,25.75,24.00,23.25
02.03.2019 22:27:55,25.25,24.50,23.75,24.75,23.50,22.50
02.03.2019 22:27:57,25.00,25.00,24.25,24.50,24.00,22.00
02.03.2019 22:27:58,24.75,24.25,24.75,25.50,24.00,22.75
02.03.2019 22:27:59,25.25,24.25,24.25,24.50,24.25,22.75
02.03.2019 22:28:01,25.00,24.50,24.25,24.25,23.25,22.00
02.03.2019 22:28:02,25.50,25.25,24.50,24.50,23.75,23.00
02.03.2019 22:28:04,25.25,24.50,24.25,25.75,24.25,23.00
02.03.2019 22:28:05,25.00,25.00,23.50,25.25,24.50,22.00
02.03.2019 22:28:07,24.50,24.25,24.25,25.50,24.50,22.50
02.03.2019 22:28:08,25.25,24.50,24.50,25.50,24.25,23.00
02.03.2019 22:28:10,25.00,24.00,24.00,25.25,24.25,23.25
02.03.2019 22:28:11,25.50,24.25,24.75,25.50,24.25,21.75
02.03.2019 22:28:13,25.50,24.25,24.50,25.50,24.25,23.50
02.03.2019 22:28:14,25.25,24.50,24.25,23.75,24.50,23.25
02.03.2019 22:28:15,25.75,23.75,24.25,25.50,25.00,22.75
02.03.2019 22:28:17,26.00,24.75,24.75,25.00,24.25,22.00
02.03.2019 22:28:18,25.50,24.50,25.25,25.50,25.00,22.50
02.03.2019 22:28:20,25.50,24.00,24.50,26.00,24.75,23.00
02.03.2019 22:28:21,25.75,24.00,24.75,25.50,24.75,22.50
02.03.2019 22:28:23,25.75,25.25,24.25,25.75,24.25,22.50
02.03.2019 22:28:24,26.25,26.00,25.00,25.25,24.25,22.50
02.03.2019 22:28:26,25.75,24.00,24.25,24.75,24.75,22.50
02.03.2019 22:28:27,25.50,24.75,24.25,25.50,24.50,23.00
02.03.2019 22:28:28,25.25,23.75,24.50,24.75,24.25,22.25
02.03.2019 22:28:30,25.00,24.00,24.50,26.25,24.75,23.00
02.03.2019 22:28:32,25.75,24.00,24.00,25.75,24.50,23.50
02.03.2019 22:28:33,25.25,24.75,24.50,24.75,24.50,23.00
02.03.2019 22:28:34,25.25,24.25,24.00,25.25,24.50,22.25
02.03.2019 22:28:36,25.50,24.00,24.50,26.00,25.00,23.25
02.03.2019 22:28:37,25.75,24.75,24.75,25.00,25.50,22.75
02.03.2019 22:28:39,25.50,24.75,25.00,24.25,24.25,21.25
02.03.2019 22:28:40,25.75,24.00,25.00,24.75,24.75,22.50
02.03.2019 22:28:42,25.50,24.00,24.25,24.25,24.50,22.50
02.03.2019 22:28:43,25.25,24.25,24.25,24.25,25.00,23.00
02.03.2019 22:28:45,25.50,24.00,24.00,24.25,24.50,21.75
02.03.2019 22:28:46,25.75,24.50,24.00,24.00,25.25,22.75
02.03.2019 22:28:47,25.25,24.75,24.25,25.25,24.25,23.75
02.03.2019 22:28:49,25.00,24.00,24.50,24.50,24.75,23.00
02.03.2019 22:28:50,25.25,24.25,24.75,25.25,24.00,22.75
02.03.2019 22:28:52,26.00,24.75,24.75,24.50,25.00,22.50
02.03.2019 22:28:53,25.50,24.00,24.50,23.75,25.00,22.50
02.03.2019 22:28:55,25.75,24.75,24.50,23.75,24.25,23.00
02.03.2019 22:28:56,25.75,24.25,24.75,24.75,24.75,23.00
02.03.2019 22:28:58,25.75,23.75,24.50,24.25,24.50,22.75
02.03.2019 22:28:59,26.00,24.75,24.50,24.75,24.50,22.50
02.03.2019 22:29:01,25.75,24.75,23.25,24.00,24.00,23.25
02.03.2019 22:29:02,25.50,24.50,24.25,24.75,24.75,22.75
02.03.2019 22:29:03,25.50,24.75,24.25,23.75,24.75,22.50
02.03.2019 22:29:05,25.50,25.25,24.25,25.00,24.75,21.25
02.03.2019 22:29:06,25.00,23.50,24.25,23.25,24.50,21.50
02.03.2019 22:29:08,25.50,24.50,24.25,24.50,24.00,22.50
02.03.2019 22:29:09,25.25,25.00,24.50,24.75,24.75,23.50
02.03.2019 22:29:11,24.75,25.00,24.25,25.25,24.00,21.75
02.03.2019 22:29:12,25.00,24.75,24.25,23.75,25.00,21.75
02.03.2019 22:29:14,25.00,23.75,24.75,24.75,24.50,22.00
02.03.2019 22:29:15,25.25,24.25,24.00,24.25,25.50,23.50
02.03.2019 22:29:17,25.00,24.50,24.00,25.00,25.00,21.25
02.03.2019 22:29:18,25.00,25.25,25.00,24.25,24.25,23.00
02.03.2019 22:29:20,25.50,24.75,24.00,25.00,25.00,24.00
02.03.2019 22:29:21,24.75,25.25,24.25,23.75,25.25,22.50
02.03.2019 22:29:22,25.25,24.25,24.00,26.00,24.75,23.75
02.03.2019 22:29:24,25.75,24.00,24.00,24.75,24.75,23.25
02.03.2019 22:29:25,25.50,24.50,24.00,23.75,24.25,22.50
02.03.2019 22:29:27,26.00,25.25,24.25,24.25,24.75,21.75
02.03.2019 22:29:28,25.50,24.50,24.00,23.75,25.00,22.75
02.03.2019 22:29:30,25.50,23.75,24.50,24.00,24.75,22.50
02.03.2019 22:29:31,26.25,24.50,24.75,23.75,24.75,23.50
02.03.2019 22:29:33,26.50,24.25,25.00,24.00,24.00,23.25
02.03.2019 22:29:34,25.50,23.75,25.00,25.25,24.50,23.00
02.03.2019 22:29:35,25.25,25.75,24.75,24.25,24.50,22.50
02.03.2019 22:29:37,25.25,24.00,24.75,25.25,24.50,22.75
02.03.2019 22:29:38,25.25,24.25,25.00,25.50,25.00,23.00
02.03.2019 22:29:40,25.75,24.50,24.25,25.25,24.50,22.75
02.03.2019 22:29:41,25.50,23.75,24.25,23.25,24.75,23.00
02.03.2019 22:29:43,25.50,24.00,25.00,24.75,24.25,22.75
02.03.2019 22:29:44,25.75,23.50,24.75,24.25,23.75,22.75
02.03.2019 22:29:46,25.50,24.25,24.25,24.25,25.25,23.00
02.03.2019 22:29:47,25.75,24.50,24.75,24.25,24.25,23.00
02.03.2019 22:29:48,25.25,24.00,24.25,24.75,24.25,22.25
02.03.2019 22:29:50,25.75,25.00,24.00,24.75,23.75,22.75
02.03.2019 22:29:51,25.25,24.00,24.00,24.75,25.00,22.25
02.03.2019 22:29:53,25.50,23.75,24.75,26.00,24.25,22.00
02.03.2019 22:29:54,25.50,24.75,24.25,24.75,25.00,23.00
02.03.2019 22:29:56,25.50,24.00,24.50,24.50,24.50,22.50
02.03.2019 22:29:57,25.50,25.00,24.00,24.25,24.00,22.75
02.03.2019 22:29:59,25.25,24.25,24.50,25.00,25.00,22.50
02.03.2019 22:30:00,25.50,23.00,24.00,23.50,24.50,23.00
02.03.2019 22:30:02,25.50,24.00,24.00,23.00,24.75,21.50
02.03.2019 22:30:03,25.50,24.25,24.00,23.25,24.00,22.50
02.03.2019 22:30:05,25.50,23.75,25.25,23.50,23.75,23.25
02.03.2019 22:30:06,24.50,25.25,24.75,25.00,24.50,23.25
02.03.2019 22:30:07,24.75,24.00,25.00,24.00,24.00,22.50
02.03.2019 22:30:09,25.25,25.00,24.25,24.75,24.00,22.50
02.03.2019 22:30:10,24.50,25.25,24.00,24.75,24.50,23.00
02.03.2019 22:30:12,25.25,24.75,24.50,25.00,24.25,22.50
02.03.2019 22:30:13,25.00,24.50,24.50,24.25,24.25,23.00
02.03.2019 22:30:15,25.25,23.75,24.50,24.75,24.25,22.00
02.03.2019 22:30:16,25.00,25.00,24.25,25.00,24.75,21.75
02.03.2019 22:30:18,25.00,24.25,24.25,24.00,23.75,22.50
02.03.2019 22:30:19,25.50,23.25,23.75,25.25,23.25,22.50
02.03.2019 22:30:21,25.25,24.25,24.50,23.75,23.50,21.75
02.03.2019 22:30:22,25.00,23.50,23.75,24.75,24.25,22.50
02.03.2019 22:30:23,24.75,24.00,24.00,24.50,23.75,23.75
02.03.2019 22:30:25,25.00,25.25,23.50,23.75,24.25,22.75
02.03.2019 22:30:26,24.75,23.50,23.25,23.75,24.00,23.00
02.03.2019 22:30:28,25.50,24.25,23.00,23.75,23.50,21.50
02.03.2019 22:30:29,25.50,23.25,24.25,25.00,25.00,22.50
02.03.2019 22:30:31,25.25,24.75,24.00,24.75,24.25,22.50
02.03.2019 22:30:32,25.25,24.25,24.00,24.75,24.25,22.75
02.03.2019 22:30:34,24.75,25.25,24.00,23.25,23.25,21.75
02.03.2019 22:30:35,25.75,25.00,24.50,24.00,23.75,22.25
02.03.2019 22:30:36,25.75,23.50,23.50,24.50,23.75,21.75
02.03.2019 22:30:38,25.75,24.75,24.00,24.50,24.50,22.00
02.03.2019 22:30:39,25.00,24.25,24.75,25.25,24.00,23.00
02.03.2019 22:30:41,25.75,24.50,24.25,23.75,24.75,22.00
02.03.2019 22:30:42,25.00,24.00,24.00,24.25,24.00,22.00
02.03.2019 22:30:44,26.25,23.50,23.25,25.00,23.75,23.50
02.03.2019 22:30:45,25.25,25.25,24.75,23.75,23.75,21.50
02.03.2019 22:30:47,25.50,24.00,24.50,24.75,23.75,22.00
02.03.2019 22:30:48,25.50,24.00,24.25,24.25,24.25,23.50
02.03.2019 22:30:50,25.50,24.50,23.75,24.75,24.50,22.00
02.03.2019 22:30:51,25.50,25.50,24.25,25.25,24.75,22.50
02.03.2019 22:30:53,24.75,24.75,24.50,24.25,23.75,21.50
02.03.2019 22:30:54,24.75,23.50,23.50,23.75,24.50,22.25
02.03.2019 22:30:55,25.00,23.75,23.75,23.00,23.50,23.00
02.03.2019 22:30:57,25.50,24.25,23.50,24.25,24.25,21.50
02.03.2019 22:30:58,25.50,23.50,23.50,23.75,24.25,22.50
02.03.2019 22:31:00,25.50,24.75,23.75,24.25,25.25,22.50
02.03.2019 22:31:01,25.25,24.75,23.75,24.75,24.50,23.50
02.03.2019 22:31:03,25.50,23.75,23.75,24.25,24.00,23.00
02.03.2019 22:31:04,25.25,25.25,23.25,25.50,24.25,23.50
02.03.2019 22:31:06,25.25,23.75,24.75,24.75,24.00,22.75
02.03.2019 22:31:07,25.50,23.75,23.25,24.00,24.75,21.75
02.03.2019 22:31:08,25.50,24.50,24.00,24.50,24.75,23.00
02.03.2019 22:31:10,25.25,24.50,24.25,24.75,24.25,22.50
02.03.2019 22:31:11,25.00,24.25,24.25,25.00,24.25,23.25
02.03.2019 22:31:13,25.50,24.00,24.00,24.50,24.00,21.50
02.03.2019 22:31:14,25.25,25.00,24.25,23.75,24.00,22.50
02.03.2019 22:31:16,25.00,24.50,24.75,24.75,24.25,22.25
02.03.2019 22:31:17,25.25,24.25,24.75,24.25,24.25,23.25
02.03.2019 22:31:19,25.25,24.25,25.00,24.50,24.00,22.50
02.03.2019 22:31:20,25.00,24.25,23.50,24.75,24.50,23.50
02.03.2019 22:31:22,25.50,24.50,24.00,23.50,24.00,22.25
02.03.2019 22:31:23,25.75,24.50,23.75,23.50,24.75,22.75
02.03.2019 22:31:25,25.25,24.75,24.50,24.25,24.00,23.00
02.03.2019 22:31:26,25.25,25.00,23.75,24.00,23.75,22.00
02.03.2019 22:31:27,25.50,24.00,23.75,23.50,23.50,21.50
02.03.2019 22:31:29,25.00,23.75,24.00,25.50,23.75,22.25
02.03.2019 22:31:30,25.50,24.50,23.75,24.75,24.25,23.00
02.03.2019 22:31:32,25.00,23.75,23.25,23.25,24.00,23.00
02.03.2019 22:31:33,25.00,24.00,23.75,24.00,24.25,22.50
02.03.2019 22:31:35,24.75,23.75,23.75,23.50,24.50,23.25
02.03.2019 22:31:36,24.25,24.00,24.25,24.00,24.25,23.75
02.03.2019 22:31:38,25.00,25.00,23.25,24.25,24.50,22.50
02.03.2019 22:31:39,26.00,23.75,23.25,23.75,23.75,22.00
02.03.2019 22:31:40,25.50,23.25,23.75,23.75,24.75,23.25
02.03.2019 22:31:42,25.50,24.00,23.75,24.50,23.75,23.00
02.03.2019 22:31:43,25.25,24.75,24.50,23.75,24.25,23.50
02.03.2019 22:31:45,25.25,23.50,24.50,24.25,24.75,22.75
02.03.2019 22:31:46,25.75,24.25,24.25,25.00,25.00,22.50
02.03.2019 22:31:48,25.75,25.00,23.50,23.75,24.25,22.25
02.03.2019 22:31:49,25.00,24.00,23.75,24.50,23.75,22.50
02.03.2019 22:31:51,25.50,23.75,25.00,24.25,24.75,21.50
02.03.2019 22:31:52,25.25,24.75,23.50,24.50,24.50,22.25
02.03.2019 22:31:54,25.00,23.75,23.75,24.50,24.50,22.75
02.03.2019 22:31:55,25.25,25.50,23.75,25.00,24.50,23.00
02.03.2019 22:31:56,25.00,24.50,24.50,25.75,24.25,21.75
02.03.2019 22:31:58,25.25,25.00,24.50,24.50,24.25,22.75
02.03.2019 22:31:59,25.25,23.50,24.50,24.50,24.25,22.25
02.03.2019 22:32:01,25.50,25.00,23.75,23.50,24.75,22.25
02.03.2019 22:32:02,25.00,23.75,24.00,23.50,24.00,22.50
02.03.2019 22:32:04,25.00,24.00,24.50,24.50,24.25,21.75
02.03.2019 22:32:05,24.75,23.75,23.50,23.50,24.50,22.50
02.03.2019 22:32:07,24.75,24.25,24.25,23.50,24.00,21.75
02.03.2019 22:32:08,24.75,24.00,23.75,24.75,24.50,22.50
02.03.2019 22:32:10,25.00,24.50,24.75,24.25,23.75,22.00
02.03.2019 22:32:11,25.00,24.50,24.50,24.00,23.50,23.00
02.03.2019 22:32:13,25.25,24.75,25.50,24.75,24.25,22.75
02.03.2019 22:32:14,24.75,23.75,24.00,23.75,24.50,21.75
02.03.2019 22:32:15,25.00,24.50,23.00,24.00,23.75,22.50
02.03.2019 22:32:17,24.50,25.00,23.50,25.25,24.50,22.00
02.03.2019 22:32:18,25.00,24.00,24.00,24.50,24.25,22.50
02.03.2019 22:32:20,24.75,23.75,24.50,25.25,24.25,23.25
02.03.2019 22:32:21,25.00,23.75,23.50,25.75,24.25,22.50
02.03.2019 22:32:23,24.75,25.00,24.00,23.75,24.25,23.50
02.03.2019 22:32:24,25.25,24.50,23.25,23.75,24.25,22.25
02.03.2019 22:32:26,25.00,25.00,24.75,24.75,24.25,22.75
02.03.2019 22:32:27,25.00,23.75,24.50,23.50,24.75,22.50
02.03.2019 22:32:28,25.00,24.50,23.50,23.50,24.00,23.25
02.03.2019 22:32:30,24.50,25.50,23.75,24.75,24.25,22.75
02.03.2019 22:32:31,25.00,23.75,24.00,23.75,24.25,21.50
02.03.2019 22:32:33,25.25,24.25,23.75,24.50,24.25,22.75
02.03.2019 22:32:34,24.50,23.50,23.75,24.00,23.50,22.00
02.03.2019 22:32:36,25.00,24.25,23.75,24.25,24.25,21.50
02.03.2019 22:32:37,25.00,24.75,23.25,24.50,24.25,22.25
02.03.2019 22:32:39,24.75,24.00,23.50,23.75,24.25,23.00
02.03.2019 22:32:40,24.50,24.00,23.50,25.00,24.75,22.75
02.03.2019 22:32:42,24.50,23.50,23.50,24.25,24.25,23.00
02.03.2019 22:32:43,24.50,24.25,22.75,24.00,24.25,23.25
02.03.2019 22:32:44,25.00,24.50,23.75,24.25,24.25,22.50
02.03.2019 22:32:46,25.25,23.25,23.75,25.00,25.00,22.50
02.03.2019 22:32:47,25.00,24.75,23.25,24.25,24.25,22.00
02.03.2019 22:32:49,25.00,25.00,24.50,23.00,24.25,23.00
02.03.2019 22:32:50,25.00,23.50,23.25,25.25,24.25,22.50
02.03.2019 22:32:52,25.00,25.00,23.25,25.00,24.00,22.25
02.03.2019 22:32:53,25.00,25.50,23.25,24.25,23.50,22.25
02.03.2019 22:32:55,25.25,23.25,23.50,25.25,24.00,22.25
02.03.2019 22:32:56,25.00,24.75,23.50,24.50,24.00,22.25
02.03.2019 22:32:57,25.00,23.25,23.50,24.00,24.25,23.00
02.03.2019 22:32:59,25.00,24.50,23.50,25.00,24.00,22.75
02.03.2019 22:33:00,25.25,23.75,24.00,24.75,24.50,22.50
02.03.2019 22:33:02,24.75,23.75,23.75,24.25,24.25,22.25
02.03.2019 22:33:03,25.50,24.25,23.50,23.75,24.25,22.25
02.03.2019 22:33:05,25.00,24.00,23.75,24.00,24.75,22.50
02.03.2019 22:33:06,25.00,24.50,24.00,24.75,24.00,22.00
02.03.2019 22:33:08,25.00,23.75,24.50,25.75,24.00,21.75
02.03.2019 22:33:09,25.50,25.00,23.50,24.25,23.50,23.25
02.03.2019 22:33:11,25.00,24.00,23.00,23.75,24.75,22.50
02.03.2019 22:33:12,25.25,25.00,23.25,24.25,23.75,23.50
02.03.2019 22:33:13,25.50,25.00,23.00,23.50,24.00,22.25
02.03.2019 22:33:15,24.75,23.75,24.75,24.00,24.25,22.00
02.03.2019 22:33:16,25.00,23.75,23.00,23.25,24.50,22.50
02.03.2019 22:33:18,25.25,24.50,24.00,23.75,24.50,23.25
02.03.2019 22:33:19,25.00,24.25,23.50,25.00,24.50,22.25
02.03.2019 22:33:21,24.50,24.00,23.75,24.00,24.50,22.75
02.03.2019 22:33:22,24.75,24.00,23.25,22.50,23.75,22.75
02.03.2019 22:33:24,25.00,23.25,23.75,23.50,23.75,22.25
02.03.2019 22:33:25,24.50,24.00,23.25,22.25,24.00,21.75
02.03.2019 22:33:26,25.00,24.25,23.75,23.75,23.75,22.00
02.03.2019 22:33:28,25.00,23.00,23.75,23.75,24.00,21.50
02.03.2019 22:33:29,24.75,24.50,23.25,24.25,24.00,22.25
02.03.2019 22:33:31,24.75,24.00,23.75,23.50,24.25,22.25
02.03.2019 22:33:32,24.75,24.75,24.50,24.75,24.00,22.50
02.03.2019 22:33:34,24.75,23.50,23.50,23.50,25.50,23.00
02.03.2019 22:33:35,24.50,23.50,24.25,23.50,23.75,22.75
02.03.2019 22:33:37,24.50,24.00,23.50,24.50,24.50,21.50
02.03.2019 22:33:38,24.75,24.50,24.00,23.50,23.75,23.75
02.03.2019 22:33:40,24.75,24.75,24.50,23.00,24.00,23.75
02.03.2019 22:33:41,24.75,23.75,25.25,23.25,23.50,22.75
02.03.2019 22:33:42,24.75,23.50,24.00,23.75,23.75,23.50
02.03.2019 22:33:44,25.00,24.00,24.25,23.75,24.75,23.00
02.03.2019 22:33:45,25.00,23.75,24.75,23.75,23.50,24.50
02.03.2019 22:33:47,24.50,23.75,24.75,24.50,23.00,23.00
02.03.2019 22:33:48,24.25,24.00,24.50,24.00,23.75,23.50
02.03.2019 22:33:50,25.00,24.50,24.50,24.75,25.00,23.00
02.03.2019 22:33:51,24.75,24.25,24.00,24.50,24.00,22.50
02.03.2019 22:33:53,24.75,23.75,24.50,23.25,23.25,23.00
02.03.2019 22:33:54,24.75,23.50,23.00,25.00,24.25,22.75
02.03.2019 22:33:55,24.50,23.25,23.50,24.00,23.75,24.00
02.03.2019 22:33:57,25.00,24.25,24.00,24.75,24.75,22.75
02.03.2019 22:33:58,25.00,23.50,24.00,24.00,24.75,23.00
02.03.2019 22:34:00,25.50,23.75,24.75,23.25,24.00,22.75
02.03.2019 22:34:01,25.25,23.75,23.50,25.25,24.75,22.00
02.03.2019 22:34:03,24.50,23.50,23.25,24.00,24.00,22.50
02.03.2019 22:34:04,24.75,24.00,23.75,23.75,24.00,22.25
02.03.2019 22:34:06,24.75,23.50,23.75,23.50,25.00,22.25
02.03.2019 22:34:07,25.25,24.25,24.50,25.00,24.50,22.75
02.03.2019 22:34:08,25.00,23.50,24.00,23.75,24.75,23.25
02.03.2019 22:34:10,25.25,24.25,24.25,24.25,23.25,21.75
02.03.2019 22:34:11,24.75,23.50,24.75,24.50,23.75,22.50
02.03.2019 22:34:13,24.75,24.25,23.25,23.50,24.00,21.75
02.03.2019 22:34:14,24.50,23.75,24.25,24.00,24.00,22.75
02.03.2019 22:34:16,25.50,23.75,24.50,24.25,24.00,23.25
02.03.2019 22:34:17,25.25,24.00,24.50,23.50,24.50,22.75
02.03.2019 22:34:19,24.75,24.00,23.25,23.75,24.50,23.00
02.03.2019 22:34:20,25.50,24.75,22.75,24.00,25.50,23.50
02.03.2019 22:34:22,25.50,25.25,25.00,25.00,24.00,21.75
02.03.2019 22:34:23,25.50,23.50,24.50,24.00,23.75,22.25
02.03.2019 22:34:24,25.25,24.50,24.50,24.25,23.75,21.75
02.03.2019 22:34:26,25.00,25.25,23.75,23.50,23.75,22.50
02.03.2019 22:34:27,24.75,23.00,23.75,24.75,24.50,22.75
02.03.2019 22:34:29,24.50,24.75,23.50,23.00,23.75,22.50
02.03.2019 22:34:30,25.00,24.75,24.25,24.75,23.75,22.50
02.03.2019 22:34:32,25.00,24.50,23.50,24.00,24.75,22.75
02.03.2019 22:34:33,25.00,23.50,23.50,24.00,23.75,23.00
02.03.2019 22:34:35,24.75,24.25,25.00,23.50,24.75,23.00
02.03.2019 22:34:36,24.50,23.00,23.25,23.75,23.50,23.50
02.03.2019 22:34:37,25.00,24.00,24.50,23.25,23.75,23.50
02.03.2019 22:34:39,24.50,24.75,23.00,25.00,23.50,23.25
02.03.2019 22:34:40,25.25,24.00,25.00,25.00,23.75,22.00
02.03.2019 22:34:42,25.00,24.00,25.00,25.25,24.25,23.50
02.03.2019 22:34:43,24.00,24.00,23.75,24.25,24.00,23.00
02.03.2019 22:34:45,24.75,23.25,25.25,24.75,24.00,22.75
02.03.2019 22:34:46,24.50,24.00,24.25,25.75,24.75,22.50
02.03.2019 22:34:48,24.50,23.00,24.50,24.75,23.75,23.00
02.03.2019 22:34:49,25.00,23.75,24.50,24.50,23.75,23.25
02.03.2019 22:34:51,24.75,23.50,24.00,24.00,24.25,22.75
02.03.2019 22:34:52,24.75,23.75,24.25,24.25,24.75,23.25
02.03.2019 22:34:53,24.75,24.00,23.75,23.50,23.75,22.50
02.03.2019 22:34:55,24.75,24.00,24.25,23.75,23.25,22.00
02.03.2019 22:34:56,24.50,24.00,23.75,24.00,23.50,23.00
02.03.2019 22:34:58,25.00,24.50,23.75,23.75,24.75,23.00
02.03.2019 22:34:59,24.50,24.25,23.50,23.50,24.25,22.50
02.03.2019 22:35:01,24.25,23.50,23.75,24.25,24.25,21.00
02.03.2019 22:35:02,24.75,24.25,24.75,25.00,24.50,22.75
02.03.2019 22:35:04,24.50,24.00,24.75,23.75,24.25,22.50
02.03.2019 22:35:05,24.50,24.25,24.50,24.75,24.00,22.50
02.03.2019 22:35:06,24.75,23.25,25.00,24.50,24.00,23.00
02.03.2019 22:35:08,25.50,23.50,23.75,24.00,23.25,23.00
02.03.2019 22:35:09,25.50,24.25,25.00,25.00,23.25,22.00
02.03.2019 22:35:11,25.25,24.25,24.50,24.00,24.00,22.75
02.03.2019 22:35:12,25.25,24.75,24.75,23.75,24.50,22.75
02.03.2019 22:35:14,25.00,24.00,24.00,23.25,24.25,22.25
02.03.2019 22:35:15,25.25,24.25,24.50,24.25,24.25,22.75
02.03.2019 22:35:17,25.75,23.75,25.00,23.75,24.00,23.25
02.03.2019 22:35:18,25.00,24.25,24.25,23.50,24.75,23.00
02.03.2019 22:35:19,25.00,23.25,23.50,23.00,24.00,23.00
02.03.2019 22:35:21,25.00,24.00,24.00,25.00,24.25,22.25
02.03.2019 22:35:22,24.50,24.00,24.75,24.75,23.75,23.00
02.03.2019 22:35:24,24.50,24.00,23.25,24.25,24.50,22.75
02.03.2019 22:35:25,24.50,23.75,24.00,23.75,24.25,22.75
02.03.2019 22:35:27,24.50,23.25,24.25,24.75,23.50,23.00
02.03.2019 22:35:28,24.75,24.50,24.50,24.50,23.75,21.75
02.03.2019 22:35:30,25.00,24.00,24.00,24.50,24.50,22.75
02.03.2019 22:35:31,25.00,23.75,24.00,23.75,24.00,22.50
02.03.2019 22:35:33,25.25,24.75,24.00,24.00,24.25,21.75
02.03.2019 22:35:34,24.50,23.75,24.50,23.00,23.50,22.75
02.03.2019 22:35:35,24.75,24.75,23.75,24.00,23.75,22.25
02.03.2019 22:35:37,25.00,25.25,24.50,24.75,23.75,23.00
02.03.2019 22:35:38,25.00,24.75,25.00,25.00,23.75,22.75
02.03.2019 22:35:40,24.75,24.00,23.75,24.50,23.75,23.50
02.03.2019 22:35:41,25.00,24.75,24.25,23.25,23.75,23.50
02.03.2019 22:35:43,25.25,24.25,23.75,24.50,23.75,21.75
02.03.2019 22:35:44,24.75,24.25,24.50,23.75,23.00,22.75
02.03.2019 22:35:46,24.75,24.25,24.25,23.00,24.50,23.00
02.03.2019 22:35:47,24.75,23.25,23.75,24.25,24.25,22.00
02.03.2019 22:35:48,24.50,23.75,24.25,24.75,24.25,23.00
02.03.2019 22:35:50,24.50,23.25,24.50,23.75,24.25,22.25
02.03.2019 22:35:51,24.50,24.00,23.75,24.00,24.25,22.75
02.03.2019 22:35:53,25.00,23.75,24.25,24.25,25.00,22.50
02.03.2019 22:35:54,24.75,23.25,24.25,23.75,24.50,22.50
02.03.2019 22:35:56,24.75,24.50,24.00,25.00,23.75,22.50
02.03.2019 22:35:57,24.75,24.25,24.25,24.00,24.00,22.50
02.03.2019 22:35:59,24.75,23.50,25.00,24.25,24.25,23.00
02.03.2019 22:36:00,24.75,23.75,24.50,25.00,25.00,23.25
02.03.2019 22:36:01,24.75,23.50,24.50,24.00,24.25,22.75
02.03.2019 22:36:03,24.75,24.00,24.50,23.50,24.50,22.00
02.03.2019 22:36:04,25.00,23.75,24.00,24.25,23.75,22.00
02.03.2019 22:36:06,24.75,23.75,25.25,24.25,23.75,22.00
02.03.2019 22:36:07,24.75,23.75,24.25,24.00,24.00,21.75
02.03.2019 22:36:09,24.50,24.75,23.75,24.00,24.25,22.50
02.03.2019 22:36:10,24.50,23.75,24.25,23.50,24.50,22.75
02.03.2019 22:36:12,24.50,23.50,24.25,23.75,24.50,22.00
02.03.2019 22:36:13,24.75,23.75,24.00,24.75,24.75,23.00
02.03.2019 22:36:15,24.75,24.25,24.25,24.00,23.25,22.25
02.03.2019 22:36:16,24.75,24.75,25.25,24.25,25.00,23.00
02.03.2019 22:36:17,24.50,23.50,24.25,25.25,23.75,22.00
02.03.2019 22:36:19,25.25,23.75,25.00,23.75,24.75,23.00
02.03.2019 22:36:20,25.00,23.75,24.50,25.25,24.75,22.75
02.03.2019 22:36:22,25.25,24.00,23.75,24.25,24.00,22.00
02.03.2019 22:36:23,24.50,23.75,25.00,25.25,24.00,23.75
02.03.2019 22:36:25,24.50,23.75,24.50,24.50,24.25,22.25
02.03.2019 22:36:26,25.00,23.75,23.75,25.00,24.25,23.00
02.03.2019 22:36:28,25.50,23.75,24.00,24.25,24.50,22.25
02.03.2019 22:36:29,25.00,25.00,24.75,24.50,23.50,21.75
02.03.2019 22:36:30,24.75,24.50,25.00,24.00,24.00,23.00
02.03.2019 22:36:32,24.75,24.50,25.25,23.25,24.50,22.00
02.03.2019 22:36:33,24.25,24.00,24.25,22.50,24.25,21.00
02.03.2019 22:36:35,24.25,24.00,24.25,24.00,24.25,21.75
02.03.2019 22:36:36,24.50,25.50,24.25,22.00,23.25,21.75
02.03.2019 22:36:38,24.50,24.00,24.50,24.75,23.75,22.25
02.03.2019 22:36:39,24.50,24.75,24.25,23.25,24.25,21.50
02.03.2019 22:36:41,24.75,24.00,23.50,23.50,23.50,22.25
02.03.2019 22:36:42,24.75,24.00,24.25,24.50,24.50,23.00
02.03.2019 22:36:44,24.75,23.75,24.50,23.50,24.75,22.25
02.03.2019 22:36:45,25.25,24.25,23.25,23.50,24.25,23.25
02.03.2019 22:36:46,25.00,25.25,24.00,24.50,23.25,22.75
02.03.2019 22:36:48,24.75,25.00,23.50,23.50,24.00,21.00
02.03.2019 22:36:49,24.50,23.75,24.50,24.25,23.75,21.50
02.03.2019 22:36:51,24.50,24.25,23.25,24.00,23.25,21.75
02.03.2019 22:36:52,25.00,25.00,24.50,24.75,24.00,22.75
02.03.2019 22:36:54,24.50,23.50,24.00,24.75,22.50,22.75
02.03.2019 22:36:55,25.00,23.50,24.25,23.50,24.75,22.50
02.03.2019 22:36:57,25.25,24.50,24.25,24.50,23.75,22.00
02.03.2019 22:36:58,24.75,24.25,24.25,24.00,23.75,22.00
02.03.2019 22:36:59,24.75,24.00,24.75,24.00,24.00,21.50
02.03.2019 22:37:01,24.50,23.25,24.25,24.50,23.75,22.00
02.03.2019 22:37:02,25.00,23.75,24.50,24.50,23.75,22.50
02.03.2019 22:37:04,24.25,25.25,25.00,23.75,24.25,21.50
02.03.2019 22:37:05,25.00,24.25,25.25,24.50,24.00,21.00
02.03.2019 22:37:07,25.00,24.00,24.00,25.00,23.50,22.00
02.03.2019 22:37:08,24.25,24.00,25.00,24.00,23.50,21.75
02.03.2019 22:37:10,24.75,24.25,24.50,24.50,24.00,22.00
02.03.2019 22:37:11,24.75,24.50,24.50,23.50,24.00,22.00
02.03.2019 22:37:13,24.50,23.00,24.25,24.25,23.25,22.50
02.03.2019 22:37:14,24.75,25.00,24.50,24.00,24.25,22.00
02.03.2019 22:37:15,24.75,23.75,24.50,23.75,24.50,22.00
02.03.2019 22:37:17,24.75,23.50,24.50,24.75,25.00,22.25
02.03.2019 22:37:18,24.25,24.50,24.25,24.25,23.50,22.75
02.03.2019 22:37:20,24.75,23.75,25.75,24.00,24.25,21.75
02.03.2019 22:37:21,24.75,24.25,25.25,24.50,24.25,22.75
02.03.2019 22:37:23,24.50,24.25,25.00,24.25,24.00,22.75
02.03.2019 22:37:24,24.75,24.00,25.25,24.00,23.50,22.50
02.03.2019 22:37:26,24.25,24.75,24.25,22.75,24.75,22.25
02.03.2019 22:37:27,24.50,24.00,24.75,24.00,24.50,22.50
02.03.2019 22:37:28,24.75,24.00,24.25,24.00,23.50,22.75
02.03.2019 22:37:30,24.50,24.00,24.50,25.00,24.50,22.75
02.03.2019 22:37:31,24.75,23.00,25.25,23.75,23.75,21.50
02.03.2019 22:37:33,24.75,24.00,25.00,24.25,24.00,23.25
02.03.2019 22:37:34,25.25,23.75,24.75,24.00,24.00,22.75
02.03.2019 22:37:36,25.25,24.50,23.75,24.00,24.00,22.50
02.03.2019 22:37:37,25.00,23.00,24.00,24.50,24.25,21.75
02.03.2019 22:37:39,25.00,22.75,24.50,24.50,25.00,22.50
02.03.2019 22:37:40,24.75,23.50,24.25,24.25,24.00,22.25
02.03.2019 22:37:41,25.00,24.00,24.75,25.00,23.75,21.75
02.03.2019 22:37:43,25.00,25.25,24.50,24.25,23.50,22.00
02.03.2019 22:37:44,24.75,23.75,24.50,23.75,25.00,22.50
02.03.2019 22:37:46,24.75,24.00,24.00,24.25,24.50,21.50
02.03.2019 22:37:47,24.75,24.25,24.25,25.00,24.50,22.75
02.03.2019 22:37:49,25.50,24.00,24.25,23.25,23.75,22.25
02.03.2019 22:37:50,25.00,24.75,23.75,23.50,23.75,22.50
02.03.2019 22:37:52,25.00,23.75,24.50,23.00,24.50,22.25
02.03.2019 22:37:53,25.00,23.50,23.25,23.50,25.00,22.75
02.03.2019 22:37:55,25.25,23.50,23.75,25.00,23.75,22.75
02.03.2019 22:37:56,25.25,25.50,23.75,25.00,24.25,23.25
02.03.2019 22:37:57,25.50,23.25,22.75,24.00,24.25,23.25
02.03.2019 22:37:59,25.50,24.75,24.75,23.75,23.50,22.50
02.03.2019 22:38:00,24.50,25.25,25.00,24.50,23.50,22.25
02.03.2019 22:38:02,25.00,24.50,24.75,23.25,23.75,24.00
02.03.2019 22:38:03,25.25,24.00,24.25,22.50,23.50,21.50
02.03.2019 22:38:05,25.00,25.25,24.50,24.25,24.25,22.25
02.03.2019 22:38:06,24.50,22.75,23.75,24.25,24.50,23.00
02.03.2019 22:38:08,25.00,23.50,24.75,24.50,24.25,22.50
02.03.2019 22:38:09,25.00,25.25,23.25,24.25,23.50,22.50
02.03.2019 22:38:10,25.00,23.25,23.25,23.75,24.00,22.75
02.03.2019 22:38:12,24.75,23.25,23.50,23.50,24.00,23.25
02.03.2019 22:38:13,25.00,24.50,24.00,23.75,24.75,23.75
02.03.2019 22:38:15,25.00,23.75,24.50,24.50,25.00,23.50
02.03.2019 22:38:16,24.75,24.00,24.50,24.75,23.75,22.50
02.03.2019 22:38:18,25.25,24.50,23.00,22.75,24.25,21.50
02.03.2019 22:38:19,25.25,24.25,23.50,22.75,24.25,23.00
02.03.2019 22:38:21,24.50,24.50,24.00,22.00,24.50,22.50
02.03.2019 22:38:22,24.50,24.25,24.75,24.75,24.00,22.50
02.03.2019 22:38:24,24.75,23.50,24.75,24.00,24.00,22.75
02.03.2019 22:38:25,24.50,23.75,24.00,23.75,23.75,22.50
02.03.2019 22:38:26,25.00,24.00,24.00,22.75,24.25,23.00
02.03.2019 22:38:28,25.00,24.00,24.25,24.25,24.50,23.00
02.03.2019 22:38:29,25.00,23.50,24.00,24.50,25.00,22.75
02.03.2019 22:38:31,25.25,24.25,24.50,24.25,24.00,22.00
02.03.2019 22:38:32,24.50,23.25,23.75,23.50,24.00,22.75
02.03.2019 22:38:34,24.75,23.75,24.00,24.25,23.25,23.00
02.03.2019 22:38:35,24.75,24.75,24.25,24.00,24.25,22.00
02.03.2019 22:38:37,25.00,23.75,24.25,24.25,24.25,22.75
02.03.2019 22:38:38,24.75,24.25,24.00,23.25,24.25,22.00
02.03.2019 22:38:39,24.75,23.50,23.25,24.50,24.25,22.00
02.03.2019 22:38:41,25.00,23.75,24.50,23.50,24.25,22.75
02.03.2019 22:38:42,24.50,24.75,23.75,25.50,23.75,21.75
02.03.2019 22:38:44,24.50,24.25,22.75,22.25,24.00,21.25
02.03.2019 22:38:45,24.75,23.50,23.75,23.50,23.75,21.75
02.03.2019 22:38:47,25.00,24.25,24.00,23.00,24.25,23.00
02.03.2019 22:38:48,25.50,24.00,23.50,24.25,24.50,22.75
02.03.2019 22:38:50,25.25,23.75,24.00,24.50,23.75,22.50
02.03.2019 22:38:51,25.25,24.25,24.00,23.75,24.00,22.00
02.03.2019 22:38:52,25.00,24.00,24.00,24.25,24.25,22.50
02.03.2019 22:38:54,25.00,24.75,23.75,24.50,24.50,21.75
02.03.2019 22:38:55,25.25,23.25,24.25,23.50,24.25,21.75
02.03.2019 22:38:57,25.00,23.75,24.00,24.25,23.25,21.50
02.03.2019 22:38:58,24.50,24.25,24.00,23.50,23.75,23.00
02.03.2019 22:39:00,25.75,25.25,23.50,23.75,23.75,22.75
02.03.2019 22:39:01,25.25,24.25,24.25,24.00,24.00,22.00
02.03.2019 22:39:03,25.25,23.50,25.00,25.25,24.00,23.00
02.03.2019 22:39:04,26.25,23.75,23.25,23.00,24.00,21.75
02.03.2019 22:39:06,25.25,25.25,23.50,24.25,24.00,22.75
02.03.2019 22:39:07,25.00,24.75,23.25,23.00,24.50,23.00
02.03.2019 22:39:08,25.25,25.50,23.00,25.25,24.00,21.75
02.03.2019 22:39:10,25.00,23.50,23.75,24.75,24.25,23.00
02.03.2019 22:39:11,24.75,25.25,24.75,24.25,23.75,22.00
02.03.2019 22:39:13,25.00,24.75,24.00,24.00,24.75,22.25
02.03.2019 22:39:14,25.00,24.25,24.00,23.75,24.00,22.50
02.03.2019 22:39:16,25.25,24.50,24.25,25.75,24.25,23.50
02.03.2019 22:39:17,24.75,23.00,24.75,25.25,24.00,22.75
02.03.2019 22:39:19,25.25,23.25,24.75,25.00,24.50,21.75
02.03.2019 22:39:20,25.00,24.50,24.75,23.75,23.75,22.00
02.03.2019 22:39:21,25.25,24.00,24.25,25.75,24.25,22.50
02.03.2019 22:39:23,24.75,23.75,23.50,23.50,24.25,23.25
02.03.2019 22:39:24,25.25,24.25,24.50,24.50,24.00,23.00
02.03.2019 22:39:26,25.25,24.00,23.25,25.00,25.00,21.25
02.03.2019 22:39:27,25.25,24.00,24.00,24.75,24.00,21.75
02.03.2019 22:39:29,25.00,24.75,24.75,25.00,24.00,22.50
02.03.2019 22:39:30,25.50,23.50,24.00,24.00,24.00,22.75
02.03.2019 22:39:32,25.00,23.50,24.75,25.25,24.25,22.25
02.03.2019 22:39:33,25.50,22.75,23.75,24.25,24.25,23.00
02.03.2019 22:39:35,25.25,25.00,24.00,23.75,23.50,21.75
02.03.2019 22:39:36,25.00,24.75,25.00,24.25,24.25,22.25
02.03.2019 22:39:37,25.50,24.00,24.25,25.50,23.75,22.00
02.03.2019 22:39:39,25.25,23.75,24.00,24.00,24.50,22.25
02.03.2019 22:39:40,25.25,23.00,24.50,25.25,24.25,23.25
02.03.2019 22:39:42,24.75,23.25,23.00,24.75,23.75,23.25
02.03.2019 22:39:43,25.00,24.50,24.75,24.75,24.00,22.25
02.03.2019 22:39:45,25.25,22.75,24.25,24.25,24.00,22.25
02.03.2019 22:39:46,24.50,23.75,24.50,25.25,24.00,22.75
02.03.2019 22:39:48,25.00,24.25,24.75,24.00,24.25,21.50
02.03.2019 22:39:49,24.75,24.25,24.00,24.25,25.00,22.25
02.03.2019 22:39:50,24.75,24.25,24.50,24.25,23.75,22.75
02.03.2019 22:39:52,24.50,24.25,24.50,24.25,24.50,22.75
02.03.2019 22:39:53,24.25,23.75,24.25,25.50,24.50,21.75
02.03.2019 22:39:55,24.75,23.50,24.50,24.75,24.00,23.00
02.03.2019 22:39:56,25.25,23.50,24.25,23.50,24.00,23.00
02.03.2019 22:39:58,25.50,25.00,24.50,24.50,24.25,22.50
02.03.2019 22:39:59,25.50,23.75,23.75,25.50,24.00,22.25
02.03.2019 22:40:01,25.75,23.25,24.50,23.75,23.75,22.75
02.03.2019 22:40:02,25.50,24.50,23.25,24.00,24.00,22.25
02.03.2019 22:40:04,25.25,23.50,24.25,24.25,24.00,22.25
02.03.2019 22:40:05,25.00,23.50,23.50,24.50,24.00,22.75
02.03.2019 22:40:06,26.00,24.00,25.00,24.00,24.50,22.00
02.03.2019 22:40:08,25.50,23.75,24.50,25.50,23.75,22.75
02.03.2019 22:40:09,26.00,23.50,24.75,24.25,24.25,23.75
02.03.2019 22:40:11,25.50,22.50,23.50,24.25,24.00,22.75
02.03.2019 22:40:12,26.00,24.25,24.25,23.50,24.25,22.00
02.03.2019 22:40:14,26.00,23.50,23.75,25.50,23.50,23.00
02.03.2019 22:40:15,25.25,25.25,24.50,24.50,24.75,21.00
02.03.2019 22:40:17,25.75,24.75,24.00,23.75,24.00,23.00
02.03.2019 22:40:18,24.75,24.50,23.00,24.25,23.75,22.50
02.03.2019 22:40:19,24.75,24.25,24.25,23.75,24.00,22.75
02.03.2019 22:40:21,25.50,24.75,24.50,24.00,24.25,22.50
02.03.2019 22:40:22,25.25,23.75,24.75,24.75,24.25,21.75
02.03.2019 22:40:24,25.25,24.25,24.00,24.50,24.25,22.50
02.03.2019 22:40:25,25.25,24.00,24.00,25.25,24.25,22.25
02.03.2019 22:40:27,25.25,23.25,24.00,24.00,23.75,23.00
02.03.2019 22:40:28,25.50,24.00,24.50,25.75,24.00,22.75
02.03.2019 22:40:30,25.25,23.75,23.50,24.75,24.25,22.00
02.03.2019 22:40:31,25.00,23.75,24.75,25.50,24.00,22.50
02.03.2019 22:40:32,25.00,23.50,25.25,24.25,24.00,22.25
02.03.2019 22:40:34,25.25,23.75,24.75,24.25,24.00,22.75
02.03.2019 22:40:35,25.50,22.75,24.25,25.50,23.75,23.25
02.03.2019 22:40:37,25.25,23.25,25.25,25.50,25.00,22.25
02.03.2019 22:40:38,25.00,24.00,23.75,23.50,24.00,22.25
02.03.2019 22:40:40,25.25,24.00,24.75,25.25,24.50,22.75
02.03.2019 22:40:41,25.00,24.75,23.75,24.25,24.50,22.75
02.03.2019 22:40:43,25.50,23.75,25.50,25.00,23.00,22.75
02.03.2019 22:40:44,25.00,24.00,24.25,24.50,24.25,23.25
02.03.2019 22:40:46,25.50,23.50,23.75,24.25,23.75,22.75
02.03.2019 22:40:47,25.00,23.50,23.50,24.75,24.00,22.75
02.03.2019 22:40:48,25.50,24.50,24.25,23.75,23.50,22.75
02.03.2019 22:40:50,25.50,23.50,24.25,23.50,24.75,22.50
02.03.2019 22:40:51,25.00,24.25,24.25,25.50,24.00,22.00
02.03.2019 22:40:53,24.75,23.75,24.00,24.50,23.75,21.75
02.03.2019 22:40:54,25.00,23.75,23.50,23.75,23.75,21.50
02.03.2019 22:40:56,25.00,25.25,23.25,23.75,24.50,22.50
02.03.2019 22:40:57,25.25,23.50,23.75,24.75,23.75,21.00
02.03.2019 22:40:59,25.00,23.50,23.50,23.25,24.00,22.25
02.03.2019 22:41:00,25.25,24.00,24.25,25.75,24.50,21.25
02.03.2019 22:41:01,24.75,24.25,24.75,23.50,23.75,23.75
02.03.2019 22:41:03,25.00,23.50,24.25,24.50,23.50,22.75
02.03.2019 22:41:04,25.00,23.25,24.25,25.25,24.25,22.25
02.03.2019 22:41:06,25.25,24.75,24.00,24.00,23.50,23.25
02.03.2019 22:41:07,25.00,24.25,24.25,23.50,24.00,22.50
02.03.2019 22:41:09,24.50,23.75,24.00,25.00,23.50,21.75
02.03.2019 22:41:10,25.25,23.50,25.25,24.75,24.00,23.50
02.03.2019 22:41:12,25.50,23.50,24.75,23.75,23.25,22.50
02.03.2019 22:41:13,25.25,24.00,24.25,24.75,24.50,22.00
02.03.2019 22:41:15,25.25,24.25,25.00,23.00,24.25,21.75
02.03.2019 22:41:16,25.50,24.25,23.50,25.50,24.25,22.50
02.03.2019 22:41:17,26.00,25.00,24.75,25.00,24.25,22.25
02.03.2019 22:41:19,25.75,23.00,23.75,23.75,23.75,23.00
02.03.2019 22:41:20,25.50,23.75,24.00,24.75,24.50,22.25
02.03.2019 22:41:22,25.75,23.75,22.75,23.50,24.50,22.25
02.03.2019 22:41:23,26.00,23.50,23.75,24.50,24.00,23.25
02.03.2019 22:41:25,25.50,25.00,23.50,24.25,24.00,22.00
02.03.2019 22:41:26,25.00,23.50,24.25,23.75,24.50,23.50
02.03.2019 22:41:28,25.00,25.25,23.50,25.50,25.00,24.00
02.03.2019 22:41:29,25.25,24.00,24.50,25.50,23.75,22.75
02.03.2019 22:41:31,25.50,24.75,24.00,24.50,24.25,22.50
02.03.2019 22:41:32,25.50,23.75,24.00,24.75,23.75,23.00
02.03.2019 22:41:33,25.00,24.25,24.25,24.75,23.50,21.50
02.03.2019 22:41:35,25.00,24.50,23.75,24.50,23.50,23.50
02.03.2019 22:41:36,25.25,23.25,24.25,25.25,24.00,22.00
02.03.2019 22:41:38,25.50,23.75,24.00,25.50,23.25,23.25
02.03.2019 22:41:39,25.25,23.50,24.75,24.50,24.00,22.75
02.03.2019 22:41:41,25.75,24.50,24.50,24.75,24.25,22.25
02.03.2019 22:41:42,25.25,23.50,24.75,25.50,24.25,22.75
02.03.2019 22:41:44,25.75,24.25,24.50,24.75,23.50,22.50
02.03.2019 22:41:45,25.00,23.25,23.75,24.50,24.25,21.50
02.03.2019 22:41:46,25.50,23.50,24.25,25.75,23.75,23.75
02.03.2019 22:41:48,25.25,23.50,24.25,25.00,23.50,21.75
02.03.2019 22:41:49,25.25,23.75,24.50,24.25,23.75,22.25
02.03.2019 22:41:51,25.25,23.50,23.50,24.75,24.00,22.75
02.03.2019 22:41:52,25.50,23.00,24.75,24.75,24.25,21.75
02.03.2019 22:41:54,25.75,24.25,24.25,24.50,24.00,22.00
02.03.2019 22:41:55,25.25,24.75,24.50,24.25,23.75,21.00
02.03.2019 22:41:57,25.25,23.50,24.75,24.50,24.00,22.50
02.03.2019 22:41:58,25.25,23.50,24.25,23.00,23.50,23.25
02.03.2019 22:41:59,25.50,24.00,24.50,25.25,23.25,23.25
02.03.2019 22:42:01,25.25,23.75,24.25,24.25,23.25,21.75
02.03.2019 22:42:02,24.50,23.75,24.25,24.00,24.00,21.25
02.03.2019 22:42:04,25.25,23.50,24.50,25.75,23.50,22.50
02.03.2019 22:42:05,24.75,24.00,24.25,24.75,24.25,22.75
02.03.2019 22:42:07,25.25,24.00,24.50,25.25,23.50,22.50
02.03.2019 22:42:08,25.25,23.50,24.50,24.50,23.75,21.50
02.03.2019 22:42:10,25.25,24.25,24.25,24.75,23.75,22.25
02.03.2019 22:42:11,24.50,23.75,24.50,24.50,24.00,22.25
02.03.2019 22:42:13,25.00,23.75,24.50,23.75,23.75,22.50
02.03.2019 22:42:14,24.00,23.00,24.25,23.75,22.75,22.50
02.03.2019 22:42:15,24.50,24.25,24.50,24.25,23.75,23.25
02.03.2019 22:42:17,25.00,24.50,23.75,25.00,23.50,22.25
02.03.2019 22:42:18,25.25,23.25,24.00,24.75,24.50,21.75
02.03.2019 22:42:20,25.00,24.00,24.25,23.50,24.50,23.00
02.03.2019 22:42:21,24.75,23.50,24.25,24.75,24.00,23.00
02.03.2019 22:42:23,25.00,24.00,24.25,25.00,24.00,22.25
02.03.2019 22:42:24,24.75,23.75,24.00,25.75,23.75,22.75
02.03.2019 22:42:26,25.25,23.50,23.25,24.50,23.50,21.50
02.03.2019 22:42:27,25.25,24.00,24.50,25.00,24.00,21.75
02.03.2019 22:42:28,25.25,23.50,24.25,24.25,23.50,22.50
02.03.2019 22:42:30,25.75,24.00,24.50,24.25,23.75,22.75
02.03.2019 22:42:31,25.25,23.75,24.25,24.75,24.00,21.00
02.03.2019 22:42:33,26.00,23.75,24.25,24.50,23.75,22.50
02.03.2019 22:42:34,25.50,23.50,24.25,24.25,24.25,23.50
02.03.2019 22:42:36,25.75,23.50,24.25,24.25,24.25,23.00
02.03.2019 22:42:37,25.75,25.25,24.50,25.00,23.00,23.25
02.03.2019 22:42:39,26.00,25.25,24.50,24.25,23.25,22.25
02.03.2019 22:42:40,25.50,23.75,24.50,24.00,23.50,21.50
02.03.2019 22:42:42,25.00,23.75,23.75,24.25,23.50,21.75
02.03.2019 22:42:43,25.00,24.25,23.75,24.50,22.75,22.00
02.03.2019 22:42:44,24.75,23.50,23.25,24.25,24.00,23.00
02.03.2019 22:42:46,25.25,25.00,23.75,23.75,23.75,22.50
02.03.2019 22:42:47,25.25,24.25,24.25,24.25,24.25,22.75
02.03.2019 22:42:49,25.25,23.50,24.00,25.50,23.25,22.75
02.03.2019 22:42:50,25.00,23.00,23.75,23.50,23.75,23.25
02.03.2019 22:42:52,25.25,23.25,24.00,24.25,24.25,23.50
02.03.2019 22:42:53,25.50,23.00,25.25,24.25,24.75,22.75
02.03.2019 22:42:55,24.75,24.75,24.75,23.75,23.50,23.00
02.03.2019 22:42:56,25.50,24.50,24.50,25.50,23.50,22.25
02.03.2019 22:42:57,25.00,23.25,24.75,24.50,23.50,22.25
02.03.2019 22:42:59,25.00,23.75,25.25,25.00,23.75,22.00
02.03.2019 22:43:00,25.25,23.50,25.00,24.75,24.75,22.75
02.03.2019 22:43:02,25.00,23.50,24.50,25.50,24.50,22.25
02.03.2019 22:43:03,25.25,23.25,23.50,25.25,24.00,23.00
02.03.2019 22:43:05,25.75,24.75,24.50,25.00,23.75,22.50
02.03.2019 22:43:06,25.25,24.75,24.25,25.50,24.00,22.50
02.03.2019 22:43:08,25.50,24.25,24.25,24.25,23.50,22.75
02.03.2019 22:43:09,25.50,23.50,24.75,25.50,23.75,21.25
02.03.2019 22:43:10,25.25,23.50,24.00,23.25,23.25,22.25
02.03.2019 22:43:12,25.00,23.50,24.50,23.75,23.75,22.00
02.03.2019 22:43:13,25.25,23.50,24.50,23.25,24.00,22.50
02.03.2019 22:43:15,25.00,24.00,24.50,25.25,23.50,22.00
02.03.2019 22:43:16,25.25,23.25,23.75,25.75,23.75,22.00
02.03.2019 22:43:18,24.75,24.00,24.50,24.00,23.75,21.75
02.03.2019 22:43:19,25.00,24.25,24.00,26.00,24.75,22.25
02.03.2019 22:43:21,25.00,25.00,23.25,24.00,23.25,21.50
02.03.2019 22:43:22,24.75,23.25,24.25,24.75,23.75,21.25
02.03.2019 22:43:24,24.75,24.25,24.50,24.00,23.25,22.75
02.03.2019 22:43:25,24.50,24.00,24.50,24.25,24.50,23.25
02.03.2019 22:43:26,24.50,23.75,24.25,25.50,23.50,22.75
02.03.2019 22:43:28,24.25,25.50,24.00,24.50,23.75,22.25
02.03.2019 22:43:29,24.50,24.50,24.00,24.25,23.00,21.50
02.03.2019 22:43:31,25.25,24.50,24.25,24.50,23.75,22.00
02.03.2019 22:43:32,25.50,23.75,24.25,23.75,23.25,22.50
02.03.2019 22:43:34,24.75,23.75,25.00,23.50,24.00,22.50
02.03.2019 22:43:35,24.50,24.50,24.00,24.00,23.75,23.00
02.03.2019 22:43:37,24.50,23.75,23.50,23.75,23.50,22.00
02.03.2019 22:43:38,25.00,24.50,24.50,24.25,24.00,22.25
02.03.2019 22:43:39,25.25,23.75,24.50,25.25,23.75,22.50
02.03.2019 22:43:41,25.75,23.50,25.25,24.75,24.25,23.25
02.03.2019 22:43:42,24.75,24.00,24.00,24.00,23.50,23.00
02.03.2019 22:43:44,25.00,24.00,24.00,24.25,24.00,23.00
02.03.2019 22:43:45,25.00,24.00,24.25,25.00,24.50,22.75
02.03.2019 22:43:47,25.00,24.50,24.50,23.75,22.50,23.50
02.03.2019 22:43:48,25.00,24.25,24.25,24.25,24.50,22.00
02.03.2019 22:43:50,25.50,24.25,25.00,24.50,23.25,21.25
02.03.2019 22:43:51,25.50,25.00,24.75,24.50,23.75,22.00
02.03.2019 22:43:53,25.50,24.75,24.75,24.00,24.00,22.50
02.03.2019 22:43:54,25.75,24.25,24.50,24.50,24.00,22.75
02.03.2019 22:43:55,25.50,25.00,24.00,25.00,23.50,22.50
02.03.2019 22:43:57,25.00,24.75,24.25,24.50,24.50,23.50
02.03.2019 22:43:58,25.25,23.50,24.50,24.50,24.25,23.75
02.03.2019 22:44:00,25.25,23.75,24.25,24.25,24.75,22.75
02.03.2019 22:44:01,25.25,24.75,23.75,24.00,23.75,22.50
02.03.2019 22:44:03,24.50,23.50,25.25,24.25,24.75,24.00
